       120.0     31518605311.0
       240.0     29337663962.0
       360.0     30448155236.0
       480.0     29193906811.0
       600.0     28183503839.0
       720.0     26085087778.0
       840.0     24114471888.0
       960.0     25046539464.0
      1080.0     22168445631.0
      1200.0     22997888686.0
      1320.0     21245533945.0
      1440.0     21301411196.0
      1560.0     20189344068.0
      1680.0     18231203212.0
      1800.0     17755692002.0
      1920.0     17004639260.0
      2040.0     17298672566.0
      2160.0     15608656299.0
      2280.0     15066395555.0
      2400.0     14548588673.0
      2520.0     14289575822.0
      2640.0     13545790066.0
      2760.0     13216732628.0
      2880.0     12626783622.0
      3000.0     12775739290.0
      3120.0     12112598499.0
      3240.0     10847742146.0
      3360.0     10437409891.0
      3480.0      9974739932.0
      3600.0     10109157363.0
      3720.0      9905835876.0
      3840.0      9603842503.0
      3960.0      8798813404.0
      4080.0      8528935756.0
      4200.0      8563736619.0
      4320.0      7949280994.0
      4440.0      7587476341.0
      4560.0      6968159049.0
      4680.0      7079871793.0
      4800.0      6820494405.0
      4920.0      6585807030.0
      5040.0      6512356332.0
      5160.0      5770926379.0
      5280.0      5892563757.0
      5400.0      5677286238.0
      5520.0      5169406981.0
      5640.0      4910072061.0
      5760.0      4958288111.0
      5880.0      4524697770.0
      6000.0      4718472920.0
      6120.0      4315496247.0
      6240.0      4146487202.0
      6360.0      3969471282.0
      6480.0      3821256674.0
      6600.0      3623191973.0
      6720.0      3527068845.0
      6840.0      3477503712.0
      6960.0      3164610123.0
      7080.0      3129479743.0
      7200.0      2996830522.0
      7320.0      2981500971.0
      7440.0      2781589177.0
      7560.0      2629896583.0
      7680.0      2580220026.0
      7800.0      2538072214.0
      7920.0      2320248841.0
      8040.0      2310498388.0
      8160.0      2160080142.0
      8280.0      2132235451.0
      8400.0      1987546000.0
      8520.0      1891778493.0
      8640.0      1865614023.0
      8760.0      1864069446.0
      8880.0      1750324304.0
      9000.0      1697328126.0
      9120.0      1576523615.0
      9240.0      1455914234.0
      9360.0      1487853907.0
      9480.0      1483014169.0
      9600.0      1397104257.0
      9720.0      1303354138.0
      9840.0      1235944412.0
      9960.0      1182652434.0
     10080.0      1206839351.0
     10200.0      1064975212.0
     10320.0      1069766873.0
     10440.0       977809737.0
     10560.0       995759374.0
     10680.0       974692645.0
     10800.0       941359458.0
     10920.0       898476587.0
     11040.0       827668426.0
     11160.0       803276062.0
     11280.0       810423931.0
     11400.0       755747420.0
     11520.0       720321043.0
     11640.0       699722311.0
     11760.0       644161599.0
     11880.0       645428375.0
     12000.0       620349325.0
     12120.0       607176602.0
     12240.0       539876080.0
     12360.0       527767334.0
     12480.0       536900021.0
     12600.0       488675335.0
     12720.0       494170501.0
     12840.0       484206917.0
     12960.0       440003590.0
     13080.0       425365119.0
     13200.0       420874779.0
     13320.0       408498255.0
     13440.0       367406251.0
     13560.0       363923763.0
     13680.0       337636016.0
     13800.0       326280948.0
     13920.0       318826506.0
     14040.0       318073241.0
     14160.0       295747628.0
     14280.0       281133737.0
     14400.0       283513740.0
     14520.0       251544478.0
     14640.0       242602803.0
     14760.0       234741400.0
     14880.0       238759169.0
     15000.0       224585845.0
     15120.0       225674525.0
     15240.0       206139215.0
     15360.0       208841416.0
     15480.0       197963830.0
     15600.0       184321678.0
     15720.0       175070148.0
     15840.0       166661312.0
     15960.0       165009361.0
     16080.0       153135780.0
     16200.0       145884196.0
     16320.0       145467519.0
     16440.0       133688110.0
     16560.0       131380809.0
     16680.0       129216774.0
     16800.0       124394635.0
     16920.0       117672059.0
     17040.0       111785780.0
     17160.0       106563439.0
     17280.0       105112441.0
     17400.0        98629490.0
     17520.0        96279138.0
     17640.0        93636965.0
     17760.0        90116681.0
     17880.0        83475343.0
     18000.0        85776496.0
     18120.0        78573744.0
     18240.0        74425677.0
     18360.0        76552641.0
     18480.0        73172705.0
     18600.0        68097697.0
     18720.0        65931749.0
     18840.0        63208466.0
     18960.0        61342636.0
     19080.0        59497457.0
     19200.0        57698921.0
     19320.0        52405243.0
     19440.0        52804308.0
     19560.0        47579457.0
     19680.0        46337018.0
     19800.0        45256767.0
     19920.0        42679666.0
     20040.0        43828311.0
     20160.0        39386317.0
     20280.0        39259628.0
     20400.0        37266582.0
     20520.0        36725273.0
     20640.0        34383056.0
     20760.0        34537770.0
     20880.0        30384240.0
     21000.0        31827861.0
     21120.0        28641284.0
     21240.0        27423873.0
     21360.0        26014813.0
     21480.0        26809530.0
     21600.0        24814973.0
     21720.0        24055427.0
     21840.0        24044912.0
     21960.0        22838539.0
     22080.0        21190044.0
     22200.0        20122126.0
     22320.0        20384870.0
     22440.0        18957846.0
     22560.0        18266830.0
     22680.0        16927536.0
     22800.0        15947426.0
     22920.0        15997083.0
     23040.0        14832929.0
     23160.0        15358554.0
     23280.0        14766796.0
     23400.0        13435349.0
     23520.0        13553427.0
     23640.0        12860881.0
     23760.0        11774513.0
     23880.0        12053067.0
     24000.0        11410970.0
     24120.0        11163971.0
     24240.0        10467872.0
     24360.0        10336227.0
     24480.0         9467990.0
     24600.0         8976731.0
     24720.0         9081174.0
     24840.0         8228216.0
     24960.0         8280915.0
     25080.0         8138174.0
     25200.0         7745480.0
     25320.0         7519305.0
     25440.0         7096870.0
     25560.0         6787287.0
     25680.0         6552073.0
     25800.0         6334526.0
     25920.0         5642142.0
     26040.0         5771604.0
     26160.0         5613791.0
     26280.0         5048268.0
     26400.0         5189275.0
     26520.0         5039320.0
     26640.0         4774121.0
     26760.0         4504618.0
     26880.0         4138442.0
     27000.0         4258584.0
     27120.0         4030729.0
     27240.0         3804924.0
     27360.0         3621033.0
     27480.0         3511988.0
     27600.0         3389129.0
     27720.0         3305411.0
     27840.0         3248525.0
     27960.0         2997134.0
     28080.0         2909110.0
     28200.0         2863548.0
     28320.0         2532216.0
     28440.0         2565814.0
     28560.0         2535147.0
     28680.0         2390618.0
     28800.0         2265924.0
     28920.0         2264031.0
     29040.0         2182109.0
     29160.0         2010989.0
     29280.0         1904402.0
     29400.0         1766515.0
     29520.0         1707256.0
     29640.0         1642573.0
     29760.0         1613127.0
     29880.0         1584199.0
     30000.0         1534837.0
     30120.0         1482141.0
     30240.0         1436253.0
     30360.0         1307026.0
     30480.0         1311332.0
     30600.0         1290631.0
     30720.0         1235103.0
     30840.0         1144002.0
     30960.0         1065051.0
     31080.0         1039457.0
     31200.0          964149.0
     31320.0          987499.0
     31440.0          940662.0
     31560.0          934426.0
     31680.0          835788.0
     31800.0          824226.0
     31920.0          789101.0
     32040.0          770730.0
     32160.0          767756.0
     32280.0          687821.0
     32400.0          696524.0
     32520.0          668844.0
     32640.0          628594.0
     32760.0          595145.0
     32880.0          557514.0
     33000.0          558710.0
     33120.0          546580.0
     33240.0          492305.0
     33360.0          504204.0
     33480.0          484137.0
     33600.0          443247.0
     33720.0          449474.0
     33840.0          414249.0
     33960.0          423768.0
     34080.0          385053.0
     34200.0          384875.0
     34320.0          374351.0
     34440.0          351516.0
     34560.0          339306.0
     34680.0          331387.0
     34800.0          308883.0
     34920.0          295050.0
     35040.0          295306.0
     35160.0          260296.0
     35280.0          257816.0
     35400.0          242422.0
     35520.0          235869.0
     35640.0          222108.0
     35760.0          220155.0
     35880.0          205423.0
     36000.0          213078.0
     36120.0          197184.0
     36240.0          192752.0
     36360.0          183458.0
     36480.0          172064.0
     36600.0          164925.0
     36720.0          157435.0
     36840.0          153251.0
     36960.0          150828.0
     37080.0          143444.0
     37200.0          133663.0
     37320.0          126654.0
     37440.0          123722.0
     37560.0          123308.0
     37680.0          119909.0
     37800.0          115273.0
     37920.0          111059.0
     38040.0          108410.0
     38160.0          101059.0
     38280.0           92527.0
     38400.0           90635.0
     38520.0           90526.0
     38640.0           85269.0
     38760.0           78531.0
     38880.0           77466.0
     39000.0           71976.0
     39120.0           68862.0
     39240.0           66651.0
     39360.0           69846.0
     39480.0           62418.0
     39600.0           61989.0
     39720.0           60047.0
     39840.0           56897.0
     39960.0           55534.0
     40080.0           50709.0
     40200.0           49941.0
     40320.0           46218.0
     40440.0           48072.0
     40560.0           46133.0
     40680.0           42285.0
     40800.0           40557.0
     40920.0           38052.0
     41040.0           38338.0
     41160.0           35546.0
     41280.0           36607.0
     41400.0           33472.0
     41520.0           32898.0
     41640.0           32711.0
     41760.0           29337.0
     41880.0           27985.0
     42000.0           26547.0
     42120.0           27961.0
     42240.0           25371.0
     42360.0           25183.0
     42480.0           24625.0
     42600.0           23675.0
     42720.0           22309.0
     42840.0           21393.0
     42960.0           19487.0
     43080.0           18981.0
     43200.0           18569.0
     43320.0           18109.0
     43440.0           17679.0
     43560.0           15697.0
     43680.0           15632.0
     43800.0           14882.0
     43920.0           14840.0
     44040.0           13394.0
     44160.0           14009.0
     44280.0           12767.0
     44400.0           11970.0
     44520.0           12119.0
     44640.0           11040.0
     44760.0           11432.0
     44880.0           10727.0
     45000.0           10280.0
     45120.0           10065.0
     45240.0            9175.0
     45360.0            8850.0
     45480.0            8479.0
     45600.0            8566.0
     45720.0            7957.0
     45840.0            8037.0
     45960.0            7431.0
     46080.0            7359.0
     46200.0            7064.0
     46320.0            6806.0
     46440.0            6614.0
     46560.0            6209.0
     46680.0            5539.0
     46800.0            5707.0
     46920.0            5206.0
     47040.0            5423.0
     47160.0            4977.0
     47280.0            4601.0
     47400.0            4497.0
     47520.0            4342.0
     47640.0            4298.0
     47760.0            4262.0
     47880.0            3812.0
     48000.0            3737.0
     48120.0            3669.0
     48240.0            3540.0
     48360.0            3255.0
     48480.0            3094.0
     48600.0            2966.0
     48720.0            2896.0
     48840.0            2956.0
     48960.0            2851.0
     49080.0            2604.0
     49200.0            2413.0
     49320.0            2536.0
     49440.0            2340.0
     49560.0            2121.0
     49680.0            2176.0
     49800.0            2096.0
     49920.0            1973.0
     50040.0            1962.0
     50160.0            1866.0
     50280.0            1775.0
     50400.0            1628.0
     50520.0            1655.0
     50640.0            1484.0
     50760.0            1430.0
     50880.0            1370.0
     51000.0            1442.0
     51120.0            1384.0
     51240.0            1264.0
     51360.0            1255.0
     51480.0            1129.0
     51600.0            1152.0
     51720.0            1129.0
     51840.0            1010.0
     51960.0            1015.0
     52080.0             956.0
     52200.0             941.0
     52320.0             869.0
     52440.0             851.0
     52560.0             820.0
     52680.0             791.0
     52800.0             776.0
     52920.0             730.0
     53040.0             717.0
     53160.0             672.0
     53280.0             639.0
     53400.0             609.0
     53520.0             568.0
     53640.0             565.0
     53760.0             559.0
     53880.0             516.0
     54000.0             483.0
     54120.0             496.0
     54240.0             460.0
     54360.0             457.0
     54480.0             417.0
     54600.0             410.0
     54720.0             380.0
     54840.0             380.0
     54960.0             367.0
     55080.0             339.0
     55200.0             347.0
     55320.0             333.0
     55440.0             323.0
     55560.0             293.0
     55680.0             281.0
     55800.0             267.0
     55920.0             262.0
     56040.0             264.0
     56160.0             243.0
     56280.0             244.0
     56400.0             217.0
     56520.0             224.0
     56640.0             208.0
     56760.0             198.0
     56880.0             195.0
     57000.0             192.0
     57120.0             178.0
     57240.0             179.0
     57360.0             171.0
     57480.0             159.0
     57600.0             149.0
     57720.0             143.0
     57840.0             142.0
     57960.0             139.0
     58080.0             131.0
     58200.0             123.0
     58320.0             125.0
     58440.0             110.0
     58560.0             113.0
     58680.0             112.0
     58800.0             102.0
     58920.0             100.0
     59040.0              93.0
     59160.0              95.0
     59280.0              87.0
     59400.0              80.0
     59520.0              83.0
     59640.0              76.0
     59760.0              73.0
     59880.0              69.0
     60000.0              70.0
     60120.0              66.0
     60240.0              63.0
     60360.0              62.0
     60480.0              60.0
     60600.0              56.0
     60720.0              56.0
     60840.0              53.0
     60960.0              50.0
     61080.0              49.0
     61200.0              48.0
     61320.0              45.0
     61440.0              43.0
     61560.0              39.0
     61680.0              40.0
     61800.0              36.0
     61920.0              38.0
     62040.0              35.0
     62160.0              35.0
     62280.0              31.0
     62400.0              30.0
     62520.0              30.0
     62640.0              27.0
     62760.0              27.0
     62880.0              26.0
     63000.0              26.0
     63120.0              24.0
     63240.0              23.0
     63360.0              22.0
     63480.0              21.0
     63600.0              21.0
     63720.0              19.0
     63840.0              20.0
     63960.0              19.0
     64080.0              18.0
     64200.0              16.0
     64320.0              17.0
     64440.0              16.0
     64560.0              15.0
     64680.0              14.0
     64800.0              14.0
     64920.0              14.0
     65040.0              13.0
     65160.0              12.0
     65280.0              12.0
     65400.0              11.0
     65520.0              11.0
     65640.0              10.0
     65760.0              10.0
     65880.0              10.0
     66000.0              10.0
     66120.0               9.0
     66240.0               8.0
     66360.0               8.0
     66480.0               8.0
     66600.0               8.0
     66720.0               7.0
     66840.0               7.0
     66960.0               7.0
     67080.0               6.0
     67200.0               6.0
     67320.0               6.0
     67440.0               6.0
     67560.0               5.0
     67680.0               5.0
     67800.0               5.0
     67920.0               5.0
     68040.0               5.0
     68160.0               4.0
     68280.0               4.0
     68400.0               4.0
     68520.0               4.0
     68640.0               4.0
     68760.0               4.0
     68880.0               4.0
     69000.0               3.0
     69120.0               3.0
     69240.0               3.0
     69360.0               3.0
     69480.0               3.0
     69600.0               3.0
     69720.0               3.0
     69840.0               3.0
     69960.0               3.0
     70080.0               2.0
     70200.0               2.0
     70320.0               2.0
     70440.0               2.0
     70560.0               2.0
     70680.0               2.0
     70800.0               2.0
     70920.0               2.0
     71040.0               2.0
     71160.0               2.0
     71280.0               2.0
     71400.0               2.0
     71520.0               1.0
     71640.0               1.0
     71760.0               1.0
     71880.0               1.0
     72000.0               1.0
     72120.0               1.0
     72240.0               1.0
     72360.0               1.0
     72480.0               1.0
     72600.0               1.0
     72720.0               1.0
     72840.0               1.0
     72960.0               1.0
     73080.0               1.0
     73200.0               1.0
     73320.0               1.0
     73440.0               1.0
     73560.0               1.0
     73680.0               1.0
     73800.0               1.0
     73920.0               1.0
     74040.0               1.0
     74160.0               1.0
     74280.0               1.0
     74400.0               1.0
     74520.0               1.0
     74640.0               1.0
     74760.0               0.0
     74880.0               0.0
     75000.0               0.0
     75120.0               0.0
     75240.0               0.0
     75360.0               0.0
     75480.0               0.0
     75600.0               0.0
     75720.0               0.0
     75840.0               0.0
     75960.0               0.0
     76080.0               0.0
     76200.0               0.0
     76320.0               0.0
     76440.0               0.0
     76560.0               0.0
     76680.0               0.0
     76800.0               0.0
     76920.0               0.0
     77040.0               0.0
     77160.0               0.0
     77280.0               0.0
     77400.0               0.0
     77520.0               0.0
     77640.0               0.0
     77760.0               0.0
     77880.0               0.0
     78000.0               0.0
     78120.0               0.0
     78240.0               0.0
     78360.0               0.0
     78480.0               0.0
     78600.0               0.0
     78720.0               0.0
     78840.0               0.0
     78960.0               0.0
     79080.0               0.0
     79200.0               0.0
     79320.0               0.0
     79440.0               0.0
     79560.0               0.0
     79680.0               0.0
     79800.0               0.0
     79920.0               0.0
     80040.0               0.0
     80160.0               0.0
     80280.0               0.0
     80400.0               0.0
     80520.0               0.0
     80640.0               0.0
     80760.0               0.0
     80880.0               0.0
     81000.0               0.0
     81120.0               0.0
     81240.0               0.0
     81360.0               0.0
     81480.0               0.0
     81600.0               0.0
     81720.0               0.0
     81840.0               0.0
     81960.0               0.0
     82080.0               0.0
     82200.0               0.0
     82320.0               0.0
     82440.0               0.0
     82560.0               0.0
     82680.0               0.0
     82800.0               0.0
     82920.0               0.0
     83040.0               0.0
     83160.0               0.0
     83280.0               0.0
     83400.0               0.0
     83520.0               0.0
     83640.0               0.0
     83760.0               0.0
     83880.0               0.0
     84000.0               0.0
     84120.0               0.0
     84240.0               0.0
     84360.0               0.0
     84480.0               0.0
     84600.0               0.0
     84720.0               0.0
     84840.0               0.0
     84960.0               0.0
     85080.0               0.0
     85200.0               0.0
     85320.0               0.0
     85440.0               0.0
     85560.0               0.0
     85680.0               0.0
     85800.0               0.0
     85920.0               0.0
     86040.0               0.0
     86160.0               0.0
     86280.0               0.0
     86400.0               0.0
     86520.0               0.0
     86640.0               0.0
     86760.0               0.0
     86880.0               0.0
     87000.0               0.0
     87120.0               0.0
     87240.0               0.0
     87360.0               0.0
     87480.0               0.0
     87600.0               0.0
     87720.0               0.0
     87840.0               0.0
     87960.0               0.0
     88080.0               0.0
     88200.0               0.0
     88320.0               0.0
     88440.0               0.0
     88560.0               0.0
     88680.0               0.0
     88800.0               0.0
     88920.0               0.0
     89040.0               0.0
     89160.0               0.0
     89280.0               0.0
     89400.0               0.0
     89520.0               0.0
     89640.0               0.0
     89760.0               0.0
     89880.0               0.0
     90000.0               0.0
     90120.0               0.0
     90240.0               0.0
     90360.0               0.0
     90480.0               0.0
     90600.0               0.0
     90720.0               0.0
     90840.0               0.0
     90960.0               0.0
     91080.0               0.0
     91200.0               0.0
     91320.0               0.0
     91440.0               0.0
     91560.0               0.0
     91680.0               0.0
     91800.0               0.0
     91920.0               0.0
     92040.0               0.0
     92160.0               0.0
     92280.0               0.0
     92400.0               0.0
     92520.0               0.0
     92640.0               0.0
     92760.0               0.0
     92880.0               0.0
     93000.0               0.0
     93120.0               0.0
     93240.0               0.0
     93360.0               0.0
     93480.0               0.0
     93600.0               0.0
     93720.0               0.0
     93840.0               0.0
     93960.0               0.0
     94080.0               0.0
     94200.0               0.0
     94320.0               0.0
     94440.0               0.0
     94560.0               0.0
     94680.0               0.0
     94800.0               0.0
     94920.0               0.0
     95040.0               0.0
     95160.0               0.0
     95280.0               0.0
     95400.0               0.0
     95520.0               0.0
     95640.0               0.0
     95760.0               0.0
     95880.0               0.0
     96000.0               0.0
     96120.0               0.0
     96240.0               0.0
     96360.0               0.0
     96480.0               0.0
     96600.0               0.0
     96720.0               0.0
     96840.0               0.0
     96960.0               0.0
     97080.0               0.0
     97200.0               0.0
     97320.0               0.0
     97440.0               0.0
     97560.0               0.0
     97680.0               0.0
     97800.0               0.0
     97920.0               0.0
     98040.0               0.0
     98160.0               0.0
     98280.0               0.0
     98400.0               0.0
     98520.0               0.0
     98640.0               0.0
     98760.0               0.0
     98880.0               0.0
     99000.0               0.0
     99120.0               0.0
     99240.0               0.0
     99360.0               0.0
     99480.0               0.0
     99600.0               0.0
     99720.0               0.0
     99840.0               0.0
     99960.0               0.0
    100080.0               0.0
    100200.0               0.0
    100320.0               0.0
    100440.0               0.0
    100560.0               0.0
    100680.0               0.0
    100800.0               0.0
    100920.0               0.0
    101040.0               0.0
    101160.0               0.0
    101280.0               0.0
    101400.0               0.0
    101520.0               0.0
    101640.0               0.0
    101760.0               0.0
    101880.0               0.0
    102000.0               0.0
    102120.0               0.0
    102240.0               0.0
    102360.0               0.0
    102480.0               0.0
    102600.0               0.0
    102720.0               0.0
    102840.0               0.0
    102960.0               0.0
    103080.0               0.0
    103200.0               0.0
    103320.0               0.0
    103440.0               0.0
    103560.0               0.0
    103680.0               0.0
    103800.0               0.0
    103920.0               0.0
    104040.0               0.0
    104160.0               0.0
    104280.0               0.0
    104400.0               0.0
    104520.0               0.0
    104640.0               0.0
    104760.0               0.0
    104880.0               0.0
    105000.0               0.0
    105120.0               0.0
    105240.0               0.0
    105360.0               0.0
    105480.0               0.0
    105600.0               0.0
    105720.0               0.0
    105840.0               0.0
    105960.0               0.0
    106080.0               0.0
    106200.0               0.0
    106320.0               0.0
    106440.0               0.0
    106560.0               0.0
    106680.0               0.0
    106800.0               0.0
    106920.0               0.0
    107040.0               0.0
    107160.0               0.0
    107280.0               0.0
    107400.0               0.0
    107520.0               0.0
    107640.0               0.0
    107760.0               0.0
    107880.0               0.0
    108000.0               0.0
    108120.0               0.0
    108240.0               0.0
    108360.0               0.0
    108480.0               0.0
    108600.0               0.0
    108720.0               0.0
    108840.0               0.0
    108960.0               0.0
    109080.0               0.0
    109200.0               0.0
    109320.0               0.0
    109440.0               0.0
    109560.0               0.0
    109680.0               0.0
    109800.0               0.0
    109920.0               0.0
    110040.0               0.0
    110160.0               0.0
    110280.0               0.0
    110400.0               0.0
    110520.0               0.0
    110640.0               0.0
    110760.0               0.0
    110880.0               0.0
    111000.0               0.0
    111120.0               0.0
    111240.0               0.0
    111360.0               0.0
    111480.0               0.0
    111600.0               0.0
    111720.0               0.0
    111840.0               0.0
    111960.0               0.0
    112080.0               0.0
    112200.0               0.0
    112320.0               0.0
    112440.0               0.0
    112560.0               0.0
    112680.0               0.0
    112800.0               0.0
    112920.0               0.0
    113040.0               0.0
    113160.0               0.0
    113280.0               0.0
    113400.0               0.0
    113520.0               0.0
    113640.0               0.0
    113760.0               0.0
    113880.0               0.0
    114000.0               0.0
    114120.0               0.0
    114240.0               0.0
    114360.0               0.0
    114480.0               0.0
    114600.0               0.0
    114720.0               0.0
    114840.0               0.0
    114960.0               0.0
    115080.0               0.0
    115200.0               0.0
    115320.0               0.0
    115440.0               0.0
    115560.0               0.0
    115680.0               0.0
    115800.0               0.0
    115920.0               0.0
    116040.0               0.0
    116160.0               0.0
    116280.0               0.0
    116400.0               0.0
    116520.0               0.0
    116640.0               0.0
    116760.0               0.0
    116880.0               0.0
    117000.0               0.0
    117120.0               0.0
    117240.0               0.0
    117360.0               0.0
    117480.0               0.0
    117600.0               0.0
    117720.0               0.0
    117840.0               0.0
    117960.0               0.0
    118080.0               0.0
    118200.0               0.0
    118320.0               0.0
    118440.0               0.0
    118560.0               0.0
    118680.0               0.0
    118800.0               0.0
    118920.0               0.0
    119040.0               0.0
    119160.0               0.0
    119280.0               0.0
    119400.0               0.0
    119520.0               0.0
    119640.0               0.0
    119760.0               0.0
    119880.0               0.0
    120000.0               0.0
